{
  "doors" : [
    {
      "dimensions" : {
        "x" : 0.83329004,
        "y" : 2.4095163,
        "z" : 0
      },
      "transform" : {
        "columns" : [
          [
            0.93101233,
            0,
            -0.36498785,
            0
          ],
          [
            0,
            1,
            0,
            0
          ],
          [
            0.3649878,
            0,
            0.9310123,
            0
          ],
          [
            4.509203,
            -0.1526876,
            -7.455049,
            1
          ]
        ]
      }
    }
  ],
  "objects" : [
    {
      "category" : "chair",
      "dimensions" : {
        "x" : 0.50500494,
        "y" : 0.77557385,
        "z" : 0.5415039
      },
      "transform" : {
        "columns" : [
          [
            0.9720961,
            0,
            -0.2345832,
            0
          ],
          [
            0,
            0.99999994,
            0,
            0
          ],
          [
            0.23458315,
            0,
            0.97209597,
            0
          ],
          [
            0.11463629,
            -0.969659,
            -2.1184256,
            1
          ]
        ]
      }
    },
    {
      "category" : "chair",
      "dimensions" : {
        "x" : 0.54272467,
        "y" : 0.9994447,
        "z" : 0.5924071
      },
      "transform" : {
        "columns" : [
          [
            0.9532463,
            0,
            -0.3021941,
            0
          ],
          [
            0,
            0.99999994,
            0,
            0
          ],
          [
            0.30219403,
            0,
            0.95324624,
            0
          ],
          [
            5.009823,
            -0.8577234,
            0.6107148,
            1
          ]
        ]
      }
    },
    {
      "category" : "table",
      "dimensions" : {
        "x" : 1.4135736,
        "y" : 0.7774415,
        "z" : 0.6527401
      },
      "transform" : {
        "columns" : [
          [
            -0.9532462,
            0,
            0.30219498,
            0
          ],
          [
            0,
            1,
            0,
            0
          ],
          [
            -0.30219492,
            0,
            -0.9532462,
            0
          ],
          [
            1.6129804,
            -0.96872514,
            0.19781086,
            1
          ]
        ]
      }
    },
    {
      "category" : "chair",
      "dimensions" : {
        "x" : 0.5015869,
        "y" : 0.890754,
        "z" : 0.58357733
      },
      "transform" : {
        "columns" : [
          [
            0.95324624,
            0,
            -0.30219516,
            0
          ],
          [
            0,
            1,
            0,
            0
          ],
          [
            0.30219513,
            0,
            0.95324624,
            0
          ],
          [
            0.7503432,
            -0.9120688,
            1.5001802,
            1
          ]
        ]
      }
    },
    {
      "category" : "table",
      "dimensions" : {
        "x" : 1.3576025,
        "y" : 0.7678243,
        "z" : 0.57882994
      },
      "transform" : {
        "columns" : [
          [
            0.95324606,
            0,
            -0.3021951,
            0
          ],
          [
            0,
            1,
            0,
            0
          ],
          [
            0.30219507,
            0,
            0.95324606,
            0
          ],
          [
            1.2048864,
            -0.97353375,
            -0.902398,
            1
          ]
        ]
      }
    },
    {
      "category" : "table",
      "dimensions" : {
        "x" : 0.8224408,
        "y" : 0.7745415,
        "z" : 0.8352184
      },
      "transform" : {
        "columns" : [
          [
            0.30219516,
            0,
            0.953246,
            0
          ],
          [
            0,
            1,
            0,
            0
          ],
          [
            -0.95324606,
            0,
            0.30219516,
            0
          ],
          [
            4.7086062,
            -0.970175,
            -4.9975243,
            1
          ]
        ]
      }
    },
    {
      "category" : "chair",
      "dimensions" : {
        "x" : 0.53839546,
        "y" : 0.966371,
        "z" : 0.61199373
      },
      "transform" : {
        "columns" : [
          [
            0.30429962,
            0,
            0.9525763,
            0
          ],
          [
            0,
            0.99999994,
            0,
            0
          ],
          [
            -0.9525763,
            0,
            0.30429962,
            0
          ],
          [
            -0.28348768,
            -0.87426037,
            -4.5501585,
            1
          ]
        ]
      }
    },
    {
      "category" : "chair",
      "dimensions" : {
        "x" : 0.5015869,
        "y" : 0.89075387,
        "z" : 0.58357716
      },
      "transform" : {
        "columns" : [
          [
            -0.9532462,
            0,
            0.30219507,
            0
          ],
          [
            0,
            1.0000001,
            0,
            0
          ],
          [
            -0.30219504,
            0,
            -0.95324624,
            0
          ],
          [
            1.7886113,
            -0.9120688,
            1.8660862,
            1
          ]
        ]
      }
    },
    {
      "category" : "storage",
      "dimensions" : {
        "x" : 0.8032227,
        "y" : 1.8312094,
        "z" : 0.32060874
      },
      "transform" : {
        "columns" : [
          [
            0.9310123,
            0,
            -0.36498815,
            0
          ],
          [
            0,
            0.99999994,
            0,
            0
          ],
          [
            0.3649881,
            0,
            0.93101215,
            0
          ],
          [
            3.573952,
            -0.44184107,
            -6.9162164,
            1
          ]
        ]
      }
    },
    {
      "category" : "storage",
      "dimensions" : {
        "x" : 1.7796704,
        "y" : 1.8800375,
        "z" : 0.46488026
      },
      "transform" : {
        "columns" : [
          [
            0.30219492,
            0,
            0.9532462,
            0
          ],
          [
            0,
            1,
            0,
            0
          ],
          [
            -0.9532462,
            0,
            0.30219498,
            0
          ],
          [
            5.389012,
            -0.417427,
            -6.8296895,
            1
          ]
        ]
      }
    },
    {
      "category" : "chair",
      "dimensions" : {
        "x" : 0.5246582,
        "y" : 0.77868,
        "z" : 0.5463866
      },
      "transform" : {
        "columns" : [
          [
            0.9454555,
            0,
            -0.3257515,
            0
          ],
          [
            0,
            1,
            0,
            0
          ],
          [
            0.3257515,
            0,
            0.9454555,
            0
          ],
          [
            3.6932817,
            -0.96810573,
            0.5122163,
            1
          ]
        ]
      }
    },
    {
      "category" : "chair",
      "dimensions" : {
        "x" : 0.50158685,
        "y" : 0.890754,
        "z" : 0.58357716
      },
      "transform" : {
        "columns" : [
          [
            -0.9530987,
            0,
            0.30265987,
            0
          ],
          [
            0,
            1,
            0,
            0
          ],
          [
            -0.30265987,
            0,
            -0.95309865,
            0
          ],
          [
            0.11251868,
            -0.9120688,
            2.3974357,
            1
          ]
        ]
      }
    },
    {
      "category" : "table",
      "dimensions" : {
        "x" : 1.3751312,
        "y" : 0.7571566,
        "z" : 0.3419704
      },
      "transform" : {
        "columns" : [
          [
            0.30219486,
            0,
            0.95324624,
            0
          ],
          [
            0,
            0.99999994,
            0,
            0
          ],
          [
            -0.9532462,
            0,
            0.30219483,
            0
          ],
          [
            7.51913,
            -0.9788675,
            -0.31380975,
            1
          ]
        ]
      }
    },
    {
      "category" : "table",
      "dimensions" : {
        "x" : 2.25,
        "y" : 0.7298386,
        "z" : 0.75707966
      },
      "transform" : {
        "columns" : [
          [
            0.9532462,
            0,
            -0.30219498,
            0
          ],
          [
            0,
            1,
            0,
            0
          ],
          [
            0.30219492,
            0,
            0.9532462,
            0
          ],
          [
            3.6470368,
            -0.9925265,
            -1.6468079,
            1
          ]
        ]
      }
    },
    {
      "category" : "chair",
      "dimensions" : {
        "x" : 0.5383951,
        "y" : 0.966371,
        "z" : 0.611994
      },
      "transform" : {
        "columns" : [
          [
            -0.9525759,
            0,
            0.3043015,
            0
          ],
          [
            0,
            0.99999994,
            0,
            0
          ],
          [
            -0.30430147,
            0,
            -0.9525758,
            0
          ],
          [
            -1.1423647,
            -0.87426037,
            -4.008973,
            1
          ]
        ]
      }
    },
    {
      "category" : "chair",
      "dimensions" : {
        "x" : 0.5053708,
        "y" : 1.0125265,
        "z" : 0.5902097
      },
      "transform" : {
        "columns" : [
          [
            0.9310122,
            0,
            -0.3649881,
            0
          ],
          [
            0,
            0.99999994,
            0,
            0
          ],
          [
            0.36498803,
            0,
            0.93101215,
            0
          ],
          [
            2.4780626,
            -0.85118264,
            -5.937239,
            1
          ]
        ]
      }
    },
    {
      "category" : "table",
      "dimensions" : {
        "x" : 3.5166,
        "y" : 0.7914398,
        "z" : 0.83763087
      },
      "transform" : {
        "columns" : [
          [
            0.9532462,
            0,
            -0.302195,
            0
          ],
          [
            0,
            1.0000001,
            0,
            0
          ],
          [
            0.30219498,
            0,
            0.9532462,
            0
          ],
          [
            0.8504541,
            -0.9617259,
            1.8159705,
            1
          ]
        ]
      }
    },
    {
      "category" : "storage",
      "dimensions" : {
        "x" : 3.9130857,
        "y" : 0.7512411,
        "z" : 0.88842756
      },
      "transform" : {
        "columns" : [
          [
            0.9532461,
            0,
            -0.30219495,
            0
          ],
          [
            0,
            1,
            0,
            0
          ],
          [
            0.30219495,
            0,
            0.9532461,
            0
          ],
          [
            5.1172085,
            -0.9818253,
            0.9494535,
            1
          ]
        ]
      }
    },
    {
      "category" : "chair",
      "dimensions" : {
        "x" : 0.5042721,
        "y" : 0.921944,
        "z" : 0.57934564
      },
      "transform" : {
        "columns" : [
          [
            0.9525737,
            0,
            -0.30430803,
            0
          ],
          [
            0,
            0.99999994,
            0,
            0
          ],
          [
            0.30430794,
            0,
            0.9525736,
            0
          ],
          [
            0.08659391,
            -0.8964738,
            -3.413844,
            1
          ]
        ]
      }
    },
    {
      "category" : "table",
      "dimensions" : {
        "x" : 1.7501926,
        "y" : 0.7609035,
        "z" : 0.8301443
      },
      "transform" : {
        "columns" : [
          [
            -0.95324606,
            0,
            0.30219516,
            0
          ],
          [
            0,
            1,
            0,
            0
          ],
          [
            -0.30219516,
            0,
            -0.953246,
            0
          ],
          [
            2.5360873,
            -0.97699416,
            -4.2145696,
            1
          ]
        ]
      }
    },
    {
      "category" : "chair",
      "dimensions" : {
        "x" : 0.5031734,
        "y" : 0.99776685,
        "z" : 0.5729988
      },
      "transform" : {
        "columns" : [
          [
            0.9533492,
            0,
            -0.30187,
            0
          ],
          [
            0,
            1,
            0,
            0
          ],
          [
            0.30186996,
            0,
            0.9533492,
            0
          ],
          [
            4.6477523,
            -0.8585624,
            -0.7489917,
            1
          ]
        ]
      }
    },
    {
      "category" : "table",
      "dimensions" : {
        "x" : 1.7358717,
        "y" : 0.75679815,
        "z" : 0.7771528
      },
      "transform" : {
        "columns" : [
          [
            0.9310121,
            0,
            -0.36498815,
            0
          ],
          [
            0,
            1.0000001,
            0,
            0
          ],
          [
            0.3649882,
            0,
            0.9310122,
            0
          ],
          [
            0.44925267,
            -0.97904676,
            -4.78283,
            1
          ]
        ]
      }
    },
    {
      "category" : "chair",
      "dimensions" : {
        "x" : 0.60620105,
        "y" : 1.209689,
        "z" : 0.7136231
      },
      "transform" : {
        "columns" : [
          [
            -0.8416806,
            0,
            -0.53997594,
            0
          ],
          [
            0,
            1,
            0,
            0
          ],
          [
            0.53997594,
            0,
            -0.8416806,
            0
          ],
          [
            0.19186269,
            -0.7526013,
            3.7624102,
            1
          ]
        ]
      }
    },
    {
      "category" : "table",
      "dimensions" : {
        "x" : 1.7724532,
        "y" : 0.7683513,
        "z" : 0.6488929
      },
      "transform" : {
        "columns" : [
          [
            -0.9310123,
            0,
            0.36498788,
            0
          ],
          [
            0,
            0.99999994,
            0,
            0
          ],
          [
            -0.3649878,
            0,
            -0.93101215,
            0
          ],
          [
            2.564169,
            -0.9732701,
            -5.7175994,
            1
          ]
        ]
      }
    },
    {
      "category" : "table",
      "dimensions" : {
        "x" : 3.4786239,
        "y" : 0.7549032,
        "z" : 0.6318356
      },
      "transform" : {
        "columns" : [
          [
            -0.9532461,
            0,
            0.30219492,
            0
          ],
          [
            0,
            1,
            0,
            0
          ],
          [
            -0.30219492,
            0,
            -0.9532461,
            0
          ],
          [
            4.7172475,
            -0.97999424,
            -0.52977645,
            1
          ]
        ]
      }
    },
    {
      "category" : "table",
      "dimensions" : {
        "x" : 2.1492562,
        "y" : 0.8015549,
        "z" : 0.6919244
      },
      "transform" : {
        "columns" : [
          [
            0.95257604,
            0,
            -0.30430079,
            0
          ],
          [
            0,
            1,
            0,
            0
          ],
          [
            0.30430076,
            0,
            0.95257604,
            0
          ],
          [
            -1.2197068,
            -0.9566683,
            -4.2510824,
            1
          ]
        ]
      }
    },
    {
      "category" : "chair",
      "dimensions" : {
        "x" : 0.57885844,
        "y" : 1.0025624,
        "z" : 0.6533204
      },
      "transform" : {
        "columns" : [
          [
            0.30252302,
            0,
            0.95314205,
            0
          ],
          [
            0,
            0.99999994,
            0,
            0
          ],
          [
            -0.953142,
            0,
            0.302523,
            0
          ],
          [
            4.242853,
            -0.85616463,
            -3.1459773,
            1
          ]
        ]
      }
    },
    {
      "category" : "table",
      "dimensions" : {
        "x" : 1.96206,
        "y" : 0.7381948,
        "z" : 0.5877438
      },
      "transform" : {
        "columns" : [
          [
            -0.952576,
            0,
            0.30430084,
            0
          ],
          [
            0,
            0.99999994,
            0,
            0
          ],
          [
            -0.30430084,
            0,
            -0.95257586,
            0
          ],
          [
            0.14957504,
            -0.9883484,
            -3.2166898,
            1
          ]
        ]
      }
    },
    {
      "category" : "chair",
      "dimensions" : {
        "x" : 0.7241209,
        "y" : 0.970262,
        "z" : 0.79492164
      },
      "transform" : {
        "columns" : [
          [
            0.9532462,
            0,
            -0.30219477,
            0
          ],
          [
            0,
            0.99999994,
            0,
            0
          ],
          [
            0.3021947,
            0,
            0.9532461,
            0
          ],
          [
            2.446688,
            -0.8723149,
            -4.496573,
            1
          ]
        ]
      }
    },
    {
      "category" : "table",
      "dimensions" : {
        "x" : 2.5878909,
        "y" : 0.76463914,
        "z" : 0.6999514
      },
      "transform" : {
        "columns" : [
          [
            -0.9532462,
            0,
            0.30219513,
            0
          ],
          [
            0,
            0.99999994,
            0,
            0
          ],
          [
            -0.30219507,
            0,
            -0.95324606,
            0
          ],
          [
            3.102821,
            -0.9751262,
            -2.7845674,
            1
          ]
        ]
      }
    }
  ],
  "openings" : [

  ],
  "windows" : [
    {
      "dimensions" : {
        "x" : 4.5645547,
        "y" : 1.0352006,
        "z" : 0
      },
      "transform" : {
        "columns" : [
          [
            -0.9532461,
            0,
            0.3021951,
            0
          ],
          [
            0,
            1,
            0,
            0
          ],
          [
            -0.30219504,
            0,
            -0.9532461,
            0
          ],
          [
            2.6891463,
            0.39348966,
            3.9032717,
            1
          ]
        ]
      }
    },
    {
      "dimensions" : {
        "x" : 6.2598424,
        "y" : 1.8604808,
        "z" : 0
      },
      "transform" : {
        "columns" : [
          [
            0.9310122,
            0,
            -0.36498818,
            0
          ],
          [
            0,
            0.99999994,
            0,
            0
          ],
          [
            0.36498812,
            0,
            0.9310121,
            0
          ],
          [
            0.16659282,
            0.5173138,
            -5.7525997,
            1
          ]
        ]
      }
    }
  ]
}