{
  "doors" : [
    {
      "dimensions" : {
        "x" : 0.6506179,
        "y" : 2.345,
        "z" : 0
      },
      "transform" : {
        "columns" : [
          [
            -0.99892473,
            0,
            0.04636442,
            0
          ],
          [
            0,
            1.0000001,
            0,
            0
          ],
          [
            -0.04636444,
            0,
            -0.9989247,
            0
          ],
          [
            0.6986247,
            -0.18701264,
            0.24627668,
            1
          ]
        ]
      }
    },
    {
      "dimensions" : {
        "x" : 1.199327,
        "y" : 2.0714998,
        "z" : 0
      },
      "transform" : {
        "columns" : [
          [
            -0.9989251,
            0,
            0.046356376,
            0
          ],
          [
            0,
            1.0000001,
            0,
            0
          ],
          [
            -0.046356402,
            0,
            -0.9989251,
            0
          ],
          [
            -0.79293126,
            -0.32376283,
            3.2408676,
            1
          ]
        ]
      }
    }
  ],
  "editedObjects" : [
    {
      "depth" : 0.3353194296360016,
      "detectedCategory" : "storage",
      "detectedRotationY" : -3.095219612121582,
      "displayName" : "storage 1",
      "editNote" : "",
      "height" : 0.7724113464355469,
      "id" : "DDAEB7A4-CD51-479C-B556-23199B957AA6",
      "isReplacementTarget" : true,
      "positionX" : 1.2012014389038086,
      "positionY" : 0.6162101030349731,
      "positionZ" : 2.9804868698120117,
      "rotationY" : 0,
      "sourceType" : "가구",
      "width" : 1.2325799465179443
    },
    {
      "depth" : 0.0034828123170882463,
      "detectedCategory" : "storage",
      "detectedRotationY" : 1.617169737815857,
      "displayName" : "storage 2",
      "editNote" : "",
      "height" : 2.3619284629821777,
      "id" : "C35E9FA7-9ED9-4AF8-881E-453F9EE998C2",
      "isReplacementTarget" : true,
      "positionX" : -0.9017541408538818,
      "positionY" : -0.17854857444763184,
      "positionZ" : 0.8730984926223755,
      "rotationY" : 0,
      "sourceType" : "가구",
      "width" : 1.1038844585418701
    },
    {
      "depth" : 0.6444394588470459,
      "detectedCategory" : "refrigerator",
      "detectedRotationY" : 1.6171693801879883,
      "displayName" : "refrigerator 3",
      "editNote" : "",
      "height" : 1.6274254322052002,
      "id" : "BB2B3A3F-8864-48B2-A01C-76F859E5225D",
      "isReplacementTarget" : true,
      "positionX" : -1.1771633625030518,
      "positionY" : -0.5458000898361206,
      "positionZ" : 1.7301454544067383,
      "rotationY" : 0,
      "sourceType" : "가구",
      "width" : 0.5828325748443604
    },
    {
      "depth" : 0.6058112978935242,
      "detectedCategory" : "storage",
      "detectedRotationY" : -3.095219850540161,
      "displayName" : "storage 4",
      "editNote" : "",
      "height" : 0.9125151634216309,
      "id" : "F412E2F4-EBA7-4F0C-BCAB-98278422DC10",
      "isReplacementTarget" : true,
      "positionX" : 0.910872220993042,
      "positionY" : -0.9032554030418396,
      "positionZ" : 2.8585689067840576,
      "rotationY" : 0,
      "sourceType" : "가구",
      "width" : 0.6157301068305969
    },
    {
      "depth" : 0.3785030245780945,
      "detectedCategory" : "table",
      "detectedRotationY" : -1.524423360824585,
      "displayName" : "table 5",
      "editNote" : "",
      "height" : 0.5107670426368713,
      "id" : "EBB087C4-E229-4727-8682-3BA87E15B57A",
      "isReplacementTarget" : true,
      "positionX" : -0.20703357458114624,
      "positionY" : -1.1041293144226074,
      "positionZ" : -1.8653956651687622,
      "rotationY" : 0,
      "sourceType" : "가구",
      "width" : 0.4075542092323303
    },
    {
      "depth" : 0.6027987003326416,
      "detectedCategory" : "storage",
      "detectedRotationY" : -3.095219850540161,
      "displayName" : "storage 6",
      "editNote" : "",
      "height" : 0.8369311690330505,
      "id" : "5C4E4563-B505-41B1-85CB-221138FB3223",
      "isReplacementTarget" : true,
      "positionX" : 0.20741751790046692,
      "positionY" : -0.12469536066055298,
      "positionZ" : 2.892720937728882,
      "rotationY" : 0,
      "sourceType" : "가구",
      "width" : 0.694412887096405
    },
    {
      "depth" : 2.0753650665283203,
      "detectedCategory" : "bed",
      "detectedRotationY" : 0.0463729053735733,
      "displayName" : "bed 7",
      "editNote" : "",
      "height" : 0.4356989860534668,
      "id" : "DFAB5F6D-836F-4E9E-AFAB-697B4798F34A",
      "isReplacementTarget" : true,
      "positionX" : 0.8940578103065491,
      "positionY" : -1.1416635513305664,
      "positionZ" : -1.081689715385437,
      "rotationY" : 0,
      "sourceType" : "가구",
      "width" : 1.4695899486541748
    },
    {
      "depth" : 0.6159128546714783,
      "detectedCategory" : "storage",
      "detectedRotationY" : 1.6171694993972778,
      "displayName" : "storage 8",
      "editNote" : "",
      "height" : 2.3619284629821777,
      "id" : "686B2A79-275C-4544-B55C-6FC78D71B3D6",
      "isReplacementTarget" : true,
      "positionX" : -1.339195728302002,
      "positionY" : -0.17854857444763184,
      "positionZ" : -1.6850239038467407,
      "rotationY" : 0,
      "sourceType" : "가구",
      "width" : 0.5944823622703552
    },
    {
      "depth" : 0.6250960230827332,
      "detectedCategory" : "storage",
      "detectedRotationY" : -3.095219850540161,
      "displayName" : "storage 9",
      "editNote" : "",
      "height" : 0.7914872169494629,
      "id" : "5EE080CA-FA3E-4083-916E-1C5223B4EE23",
      "isReplacementTarget" : true,
      "positionX" : 0.21776428818702698,
      "positionY" : 0.6066721677780151,
      "positionZ" : 2.8810808658599854,
      "rotationY" : 0,
      "sourceType" : "가구",
      "width" : 0.7211635708808899
    },
    {
      "depth" : 1.104227066040039,
      "detectedCategory" : "table",
      "detectedRotationY" : 1.617169737815857,
      "displayName" : "table 10",
      "editNote" : "",
      "height" : 0.7562398910522461,
      "id" : "3A9C7D31-CD34-43F0-A60A-8D2CA9A57F8C",
      "isReplacementTarget" : true,
      "positionX" : -0.5904852151870728,
      "positionY" : -0.9813928008079529,
      "positionZ" : -0.5238195061683655,
      "rotationY" : 0,
      "sourceType" : "가구",
      "width" : 1.3707278966903687
    },
    {
      "depth" : 0.6567383408546448,
      "detectedCategory" : "chair",
      "detectedRotationY" : -1.4865806102752686,
      "displayName" : "chair 11",
      "editNote" : "",
      "height" : 1.1249299049377441,
      "id" : "45C0858F-A059-4CBB-AD0F-3A43550A050C",
      "isReplacementTarget" : true,
      "positionX" : 0.6977712512016296,
      "positionY" : -0.797048032283783,
      "positionZ" : 0.6266495585441589,
      "rotationY" : 0,
      "sourceType" : "가구",
      "width" : 0.574951171875
    },
    {
      "depth" : 0.4574090242385864,
      "detectedCategory" : "table",
      "detectedRotationY" : -3.095219850540161,
      "displayName" : "table 12",
      "editNote" : "",
      "height" : 0.7775543928146362,
      "id" : "61F7EEA6-B0CB-4716-988A-F53CE9638329",
      "isReplacementTarget" : true,
      "positionX" : 0.19960445165634155,
      "positionY" : -0.9707357287406921,
      "positionZ" : 2.426356554031372,
      "rotationY" : 0,
      "sourceType" : "가구",
      "width" : 0.6027604341506958
    },
    {
      "depth" : 0.1000000387430191,
      "detectedCategory" : "television",
      "detectedRotationY" : 1.617169737815857,
      "displayName" : "television 13",
      "editNote" : "",
      "height" : 0.5307616591453552,
      "id" : "17AB2EBB-3245-46CE-86BF-16CC990549FD",
      "isReplacementTarget" : true,
      "positionX" : -1.4996774196624756,
      "positionY" : -0.3277835249900818,
      "positionZ" : -0.785198986530304,
      "rotationY" : 0,
      "sourceType" : "가구",
      "width" : 0.9224567413330078
    },
    {
      "depth" : 0.6531102657318115,
      "detectedCategory" : "washerDryer",
      "detectedRotationY" : -3.095219850540161,
      "displayName" : "washerDryer 14",
      "editNote" : "",
      "height" : 0.920056939125061,
      "id" : "B3438E92-645C-4B57-A7F6-A7BEF728C36B",
      "isReplacementTarget" : true,
      "positionX" : 1.484321117401123,
      "positionY" : -0.8994843363761902,
      "positionZ" : 2.808281660079956,
      "rotationY" : 0,
      "sourceType" : "가구",
      "width" : 0.6509830355644226
    },
    {
      "depth" : 0,
      "detectedCategory" : "문",
      "detectedRotationY" : -3.0952115058898926,
      "displayName" : "문 1",
      "editNote" : "",
      "height" : 2.3450000286102295,
      "id" : "493059A1-7159-41FA-94D4-9B0E82BE07CE",
      "isReplacementTarget" : false,
      "positionX" : 0.6986246705055237,
      "positionY" : -0.18701264262199402,
      "positionZ" : 0.24627667665481567,
      "rotationY" : 0,
      "sourceType" : "문",
      "width" : 0.6506178975105286
    },
    {
      "depth" : 0,
      "detectedCategory" : "문",
      "detectedRotationY" : -3.095219612121582,
      "displayName" : "문 2",
      "editNote" : "",
      "height" : 2.071499824523926,
      "id" : "856E5936-FCA1-4F4F-B239-E90C20C0F0D4",
      "isReplacementTarget" : false,
      "positionX" : -0.7929312586784363,
      "positionY" : -0.32376283407211304,
      "positionZ" : 3.2408676147460938,
      "rotationY" : 0,
      "sourceType" : "문",
      "width" : 1.199326992034912
    },
    {
      "depth" : 0,
      "detectedCategory" : "창문",
      "detectedRotationY" : -1.5244232416152954,
      "displayName" : "창문 1",
      "editNote" : "",
      "height" : 1.3601939678192139,
      "id" : "E674E0CD-0A71-42A1-ACCC-5923B30B611D",
      "isReplacementTarget" : false,
      "positionX" : 1.6448971033096313,
      "positionY" : 0.2905585467815399,
      "positionZ" : -0.7530017495155334,
      "rotationY" : 0,
      "sourceType" : "창문",
      "width" : 1.5116206407546997
    },
    {
      "depth" : 0,
      "detectedCategory" : "창문",
      "detectedRotationY" : -1.524423360824585,
      "displayName" : "창문 2",
      "editNote" : "",
      "height" : 1.3719137907028198,
      "id" : "05F7E9B0-F9B5-4F93-A852-A39258B07D98",
      "isReplacementTarget" : false,
      "positionX" : 1.7594385147094727,
      "positionY" : 0.2972683012485504,
      "positionZ" : 1.7152349948883057,
      "rotationY" : 0,
      "sourceType" : "창문",
      "width" : 1.3241384029388428
    },
    {
      "depth" : 0,
      "detectedCategory" : "개구부",
      "detectedRotationY" : -3.0952117443084717,
      "displayName" : "개구부 1",
      "editNote" : "",
      "height" : 2.299999952316284,
      "id" : "89E2129A-7EA2-4983-BE32-DEEFF0508DBC",
      "isReplacementTarget" : false,
      "positionX" : -0.2835416793823242,
      "positionY" : -0.20951281487941742,
      "positionZ" : 0.29186323285102844,
      "rotationY" : 0,
      "sourceType" : "개구부",
      "width" : 1.2849739789962769
    }
  ],
  "objects" : [
    {
      "category" : "storage",
      "dimensions" : {
        "x" : 1.23258,
        "y" : 0.77241135,
        "z" : 0.33531943
      },
      "transform" : {
        "columns" : [
          [
            -0.99892515,
            0,
            0.04635652,
            0
          ],
          [
            0,
            1,
            0,
            0
          ],
          [
            -0.046356533,
            0,
            -0.9989251,
            0
          ],
          [
            1.2012014,
            0.6162101,
            2.9804869,
            1
          ]
        ]
      }
    },
    {
      "category" : "storage",
      "dimensions" : {
        "x" : 1.1038845,
        "y" : 2.3619285,
        "z" : 0.0034828123
      },
      "transform" : {
        "columns" : [
          [
            -0.046356786,
            0,
            -0.99892503,
            0
          ],
          [
            0,
            1.0000001,
            0,
            0
          ],
          [
            0.9989251,
            0,
            -0.046356756,
            0
          ],
          [
            -0.90175414,
            -0.17854857,
            0.8730985,
            1
          ]
        ]
      }
    },
    {
      "category" : "refrigerator",
      "dimensions" : {
        "x" : 0.5828326,
        "y" : 1.6274254,
        "z" : 0.64443946
      },
      "transform" : {
        "columns" : [
          [
            -0.046356488,
            0,
            -0.998925,
            0
          ],
          [
            0,
            1,
            0,
            0
          ],
          [
            0.9989249,
            0,
            -0.04635645,
            0
          ],
          [
            -1.1771634,
            -0.5458001,
            1.7301455,
            1
          ]
        ]
      }
    },
    {
      "category" : "storage",
      "dimensions" : {
        "x" : 0.6157301,
        "y" : 0.91251516,
        "z" : 0.6058113
      },
      "transform" : {
        "columns" : [
          [
            -0.99892503,
            0,
            0.046356115,
            0
          ],
          [
            0,
            1.0000002,
            0,
            0
          ],
          [
            -0.046356164,
            0,
            -0.99892515,
            0
          ],
          [
            0.9108722,
            -0.9032554,
            2.858569,
            1
          ]
        ]
      }
    },
    {
      "category" : "table",
      "dimensions" : {
        "x" : 0.4075542,
        "y" : 0.51076704,
        "z" : 0.37850302
      },
      "transform" : {
        "columns" : [
          [
            0.046356373,
            0,
            0.9989251,
            0
          ],
          [
            0,
            1,
            0,
            0
          ],
          [
            -0.99892503,
            0,
            0.046356335,
            0
          ],
          [
            -0.20703357,
            -1.1041293,
            -1.8653957,
            1
          ]
        ]
      }
    },
    {
      "category" : "storage",
      "dimensions" : {
        "x" : 0.6944129,
        "y" : 0.83693117,
        "z" : 0.6027987
      },
      "transform" : {
        "columns" : [
          [
            -0.99892515,
            0,
            0.046356086,
            0
          ],
          [
            0,
            1.0000001,
            0,
            0
          ],
          [
            -0.04635612,
            0,
            -0.9989252,
            0
          ],
          [
            0.20741752,
            -0.12469536,
            2.892721,
            1
          ]
        ]
      }
    },
    {
      "category" : "bed",
      "dimensions" : {
        "x" : 1.46959,
        "y" : 0.435699,
        "z" : 2.075365
      },
      "transform" : {
        "columns" : [
          [
            0.9989251,
            0,
            -0.04635629,
            0
          ],
          [
            0,
            1,
            0,
            0
          ],
          [
            0.046356313,
            0,
            0.9989251,
            0
          ],
          [
            0.8940578,
            -1.1416636,
            -1.0816897,
            1
          ]
        ]
      }
    },
    {
      "category" : "storage",
      "dimensions" : {
        "x" : 0.59448236,
        "y" : 2.3619285,
        "z" : 0.61591285
      },
      "transform" : {
        "columns" : [
          [
            -0.046356503,
            0,
            -0.99892503,
            0
          ],
          [
            0,
            1.0000001,
            0,
            0
          ],
          [
            0.9989251,
            0,
            -0.04635648,
            0
          ],
          [
            -1.3391957,
            -0.17854857,
            -1.6850239,
            1
          ]
        ]
      }
    },
    {
      "category" : "storage",
      "dimensions" : {
        "x" : 0.7211636,
        "y" : 0.7914872,
        "z" : 0.625096
      },
      "transform" : {
        "columns" : [
          [
            -0.9989251,
            0,
            0.046356175,
            0
          ],
          [
            0,
            1,
            0,
            0
          ],
          [
            -0.046356205,
            0,
            -0.998925,
            0
          ],
          [
            0.21776429,
            0.60667217,
            2.8810809,
            1
          ]
        ]
      }
    },
    {
      "category" : "table",
      "dimensions" : {
        "x" : 1.3707279,
        "y" : 0.7562399,
        "z" : 1.1042271
      },
      "transform" : {
        "columns" : [
          [
            -0.04635683,
            0,
            -0.99892503,
            0
          ],
          [
            0,
            1,
            0,
            0
          ],
          [
            0.998925,
            0,
            -0.046356786,
            0
          ],
          [
            -0.5904852,
            -0.9813928,
            -0.5238195,
            1
          ]
        ]
      }
    },
    {
      "category" : "chair",
      "dimensions" : {
        "x" : 0.5749512,
        "y" : 1.1249299,
        "z" : 0.65673834
      },
      "transform" : {
        "columns" : [
          [
            0.08411616,
            0,
            0.9964561,
            0
          ],
          [
            0,
            1.0000001,
            0,
            0
          ],
          [
            -0.9964561,
            0,
            0.08411614,
            0
          ],
          [
            0.69777125,
            -0.79704803,
            0.62664956,
            1
          ]
        ]
      }
    },
    {
      "category" : "table",
      "dimensions" : {
        "x" : 0.60276043,
        "y" : 0.7775544,
        "z" : 0.45740902
      },
      "transform" : {
        "columns" : [
          [
            -0.9989251,
            0,
            0.046356205,
            0
          ],
          [
            0,
            1.0000001,
            0,
            0
          ],
          [
            -0.04635624,
            0,
            -0.9989251,
            0
          ],
          [
            0.19960445,
            -0.9707357,
            2.4263566,
            1
          ]
        ]
      }
    },
    {
      "category" : "television",
      "dimensions" : {
        "x" : 0.92245674,
        "y" : 0.53076166,
        "z" : 0.10000004
      },
      "transform" : {
        "columns" : [
          [
            -0.046356846,
            0,
            -0.9989251,
            0
          ],
          [
            0,
            1.0000001,
            0,
            0
          ],
          [
            0.9989251,
            0,
            -0.046356812,
            0
          ],
          [
            -1.4996774,
            -0.32778352,
            -0.785199,
            1
          ]
        ]
      }
    },
    {
      "category" : "washerDryer",
      "dimensions" : {
        "x" : 0.65098304,
        "y" : 0.92005694,
        "z" : 0.65311027
      },
      "transform" : {
        "columns" : [
          [
            -0.9989251,
            0,
            0.04635629,
            0
          ],
          [
            0,
            1.0000001,
            0,
            0
          ],
          [
            -0.046356298,
            0,
            -0.99892515,
            0
          ],
          [
            1.4843211,
            -0.89948434,
            2.8082817,
            1
          ]
        ]
      }
    }
  ],
  "openings" : [
    {
      "dimensions" : {
        "x" : 1.284974,
        "y" : 2.3,
        "z" : 0
      },
      "transform" : {
        "columns" : [
          [
            -0.99892473,
            0,
            0.04636439,
            0
          ],
          [
            0,
            1,
            0,
            0
          ],
          [
            -0.046364397,
            0,
            -0.99892473,
            0
          ],
          [
            -0.28354168,
            -0.20951281,
            0.29186323,
            1
          ]
        ]
      }
    }
  ],
  "windows" : [
    {
      "dimensions" : {
        "x" : 1.5116206,
        "y" : 1.360194,
        "z" : 0
      },
      "transform" : {
        "columns" : [
          [
            0.046356432,
            0,
            0.9989251,
            0
          ],
          [
            0,
            1.0000001,
            0,
            0
          ],
          [
            -0.9989251,
            0,
            0.046356406,
            0
          ],
          [
            1.6448971,
            0.29055855,
            -0.75300175,
            1
          ]
        ]
      }
    },
    {
      "dimensions" : {
        "x" : 1.3241384,
        "y" : 1.3719138,
        "z" : 0
      },
      "transform" : {
        "columns" : [
          [
            0.046356373,
            0,
            0.9989251,
            0
          ],
          [
            0,
            1,
            0,
            0
          ],
          [
            -0.9989251,
            0,
            0.046356346,
            0
          ],
          [
            1.7594385,
            0.2972683,
            1.715235,
            1
          ]
        ]
      }
    }
  ]
}